                                      47                  48        49                  50                  
                                      ||                  ||        ||                  ||                  
                                      ||                  ||        ||                  ||                  
                                      ||                  ||        ||                  ||                  
                                      ||                  ||        ||                  ||                  
========45========01================1=02========03========04========05==================06========46========
                  ||                  ||        ||        ||        ||                  ||                  
                  |2                  |1        ||        |1        ||                  ||                  
                  ||                  ||        1|        ||        ||                  ||                  
                  ||                  ||        ||        ||        ||                  ||                  
                  ||                  ||        36========37========38                  ||                  
                  ||                  ||        ||        ||        ||                  ||                  
                  ||                  ||        |1        ||        |2                  ||                  
                  ||                  ||        1|        ||        ||                  ||                  
                  ||                  ||        ||        ||        ||                  ||                  
========13======1=07======2=08======2=09======2=10======1=11======0=12                  ||                  
                  ||        ||        ||        ||        ||        ||                  ||                  
                  ||        |2        |2        |1        ||        ||                  ||                  
                  ||        2|        ||        1|        ||        ||                  1|                  
                  ||        ||        ||        ||        ||        ||                  ||                  
                  14========15======1=16========17========18========19========20========21                  
                  ||                  ||        ||        ||        ||        ||        ||                  
                  ||                  |2        |1        ||        ||        ||        |2                  
                  ||                  ||        ||        ||        1|        ||        ||                  
                  ||                  ||        ||        ||        ||        ||        ||                  
                  ||                  ||        ||        43======1=44        ||        ||                  
                  ||                  ||        ||        ||        ||        ||        ||                  
                  ||                  ||        ||        |1        |2        ||        ||                  
                  ||                  ||        1|        ||        ||        ||        ||                  
                  ||                  ||        ||        ||        ||        ||        ||                  
                  ||                  39======2=40======1=41========42        ||        ||                  
                  ||                  ||        ||        ||        ||        ||        ||                  
                  ||                  ||        |2        ||        |1        ||        ||                  
                  ||                  ||        1|        ||        ||        ||        1|                  
                  ||                  ||        ||        ||        ||        ||        ||                  
                  22================1=23======1=24========25========26======1=27======1=28                  
                  ||                  ||        ||        ||        ||        ||        ||                  
                  |2                  |2        |2        ||        |2        ||        ||                  
                  ||                  ||        ||        1|        ||        ||        ||                  
                  ||                  ||        ||        ||        ||        ||        ||                  
========51========29================1=30========31======1=32======1=33========34======1=35========52========
                  ||                  ||                  ||        ||        ||        ||                  
                  |2                  |1                  ||        |2        ||        |2                  
                  ||                  ||                  ||        ||        ||        ||                  
                  ||                  ||                  ||        ||        ||        ||                  
                  53                  54                  55        56        57        58                  
